{
 "cells": [
  {
   "cell_type": "markdown",
   "metadata": {},
   "source": [
    "## Visualizing a viral capsid\n",
    "A viral capsid is the protein shell that contains all of its evil good stuff.  In this notebook we are going to use the 'asymmetric unit' to create the coordinates of the entire capsid. The first reasonable one I found was for Human Hepatitis B (pdbid: 1QGT)... sounds like fun to me! To do this, we will use the symmetry operators that are available in the pdb file. Actually, before reading the rest of this notebook, you should load up this page:\n",
    "\n",
    "http://www.rcsb.org/pdb/files/1QGT.pdb\n",
    "\n",
    "and see if you can find the information we will use.  \n",
    "\n",
    "#### Author: Demian "
   ]
  },
  {
   "cell_type": "code",
   "execution_count": 1,
   "metadata": {
    "collapsed": false
   },
   "outputs": [
    {
     "name": "stderr",
     "output_type": "stream",
     "text": [
      "HackaMol::Molecule=HASH(0x7fb1682f2080)\n"
     ]
    },
    {
     "ename": "Warning",
     "evalue": "1QGT.pdb exists, set self->overwrite(1) to overwrite at /Users/demianriccardi/perl5/perlbrew/perls/perl-5.20.2t/lib/site_perl/5.20.2/HackaMol.pm line 26.\n",
     "output_type": "error",
     "traceback": [
      "1QGT.pdb exists, set self->overwrite(1) to overwrite at /Users/demianriccardi/perl5/perlbrew/perls/perl-5.20.2t/lib/site_perl/5.20.2/HackaMol.pm line 26.\n"
     ]
    }
   ],
   "source": [
    "use Modern::Perl;\n",
    "use HackaMol;\n",
    "use Math::Vector::Real;\n",
    "my $pdbid = '1QGT';\n",
    "my $mol = HackaMol->new->pdbid_mol($pdbid); "
   ]
  },
  {
   "cell_type": "markdown",
   "metadata": {},
   "source": [
    "### Copy and paste the BIOMT* matrices, and displacement vectors and then convert to a datastructure"
   ]
  },
  {
   "cell_type": "code",
   "execution_count": 2,
   "metadata": {
    "collapsed": false,
    "scrolled": true
   },
   "outputs": [],
   "source": [
    "my $symops = '\n",
    "REMARK 350   BIOMT1   1  1.000000  0.000000  0.000000        0.00000            \n",
    "REMARK 350   BIOMT2   1  0.000000  1.000000  0.000000        0.00000            \n",
    "REMARK 350   BIOMT3   1  0.000000  0.000000  1.000000        0.00000            \n",
    "REMARK 350   BIOMT1   2  0.458930 -0.507750  0.729091        0.00000            \n",
    "REMARK 350   BIOMT2   2  0.846163  0.500000 -0.184413        0.00000            \n",
    "REMARK 350   BIOMT3   2 -0.270909  0.701562  0.659104        0.00000            \n",
    "REMARK 350   BIOMT1   3 -0.416540  0.024606  0.908784        0.00000            \n",
    "REMARK 350   BIOMT2   3  0.861370 -0.309017  0.403175        0.00000            \n",
    "REMARK 350   BIOMT3   3  0.290750  0.950738  0.107523        0.00000            \n",
    "REMARK 350   BIOMT1   4 -0.416540  0.861370  0.290750        0.00000            \n",
    "REMARK 350   BIOMT2   4  0.024606 -0.309017  0.950738        0.00000            \n",
    "REMARK 350   BIOMT3   4  0.908784  0.403175  0.107523        0.00000            \n",
    "REMARK 350   BIOMT1   5  0.458930  0.846163 -0.270909        0.00000            \n",
    "REMARK 350   BIOMT2   5 -0.507750  0.500000  0.701562        0.00000            \n",
    "REMARK 350   BIOMT3   5  0.729091 -0.184413  0.659104        0.00000            \n",
    "REMARK 350   BIOMT1   6  0.483917  0.532356  0.694566        0.00000            \n",
    "REMARK 350   BIOMT2   6  0.532356 -0.809017  0.249176        0.00000            \n",
    "REMARK 350   BIOMT3   6  0.694566  0.249176 -0.674900        0.00000            \n",
    "REMARK 350   BIOMT1   7  0.484379  0.507750  0.712437        0.00000            \n",
    "REMARK 350   BIOMT2   7 -0.507750 -0.500000  0.701562        0.00000            \n",
    "REMARK 350   BIOMT3   7  0.712437 -0.701562  0.015621        0.00000            \n",
    "REMARK 350   BIOMT1   8  0.458930  0.507750  0.729091        0.00000            \n",
    "REMARK 350   BIOMT2   8 -0.846163  0.500000  0.184414        0.00000            \n",
    "REMARK 350   BIOMT3   8 -0.270909 -0.701562  0.659104        0.00000            \n",
    "REMARK 350   BIOMT1   9  0.442738  0.532356  0.721512        0.00000            \n",
    "REMARK 350   BIOMT2   9 -0.015207  0.809017 -0.587588        0.00000            \n",
    "REMARK 350   BIOMT3   9 -0.896522  0.249176  0.366279        0.00000            \n",
    "REMARK 350   BIOMT1  10  0.458181  0.547563  0.700175        0.00000            \n",
    "REMARK 350   BIOMT2  10  0.836764  0.000000 -0.547563        0.00000            \n",
    "REMARK 350   BIOMT3  10 -0.299826  0.836764 -0.458181        0.00000            \n",
    "REMARK 350   BIOMT1  11 -0.484379 -0.507750 -0.712437        0.00000            \n",
    "REMARK 350   BIOMT2  11 -0.507750 -0.500000  0.701562        0.00000            \n",
    "REMARK 350   BIOMT3  11 -0.712437  0.701562 -0.015621        0.00000            \n",
    "REMARK 350   BIOMT1  12 -0.458930 -0.507750 -0.729091        0.00000            \n",
    "REMARK 350   BIOMT2  12 -0.846163  0.500000  0.184413        0.00000            \n",
    "REMARK 350   BIOMT3  12  0.270909  0.701562 -0.659104        0.00000            \n",
    "REMARK 350   BIOMT1  13 -0.442738 -0.532356 -0.721512        0.00000            \n",
    "REMARK 350   BIOMT2  13 -0.015207  0.809017 -0.587589        0.00000            \n",
    "REMARK 350   BIOMT3  13  0.896522 -0.249176 -0.366279        0.00000            \n",
    "REMARK 350   BIOMT1  14 -0.458181 -0.547563 -0.700174        0.00000            \n",
    "REMARK 350   BIOMT2  14  0.836764 -0.000000 -0.547563        0.00000            \n",
    "REMARK 350   BIOMT3  14  0.299825 -0.836764  0.458181        0.00000            \n",
    "REMARK 350   BIOMT1  15 -0.483917 -0.532356 -0.694566        0.00000            \n",
    "REMARK 350   BIOMT2  15  0.532356 -0.809017  0.249176        0.00000            \n",
    "REMARK 350   BIOMT3  15 -0.694566 -0.249176  0.674900        0.00000            \n",
    "REMARK 350   BIOMT1  16 -0.999537 -0.024606  0.017871        0.00000            \n",
    "REMARK 350   BIOMT2  16 -0.024606  0.309017 -0.950738        0.00000            \n",
    "REMARK 350   BIOMT3  16  0.017871 -0.950738 -0.309479        0.00000            \n",
    "REMARK 350   BIOMT1  17 -0.484379  0.507750 -0.712437        0.00000            \n",
    "REMARK 350   BIOMT2  17  0.507750 -0.500000 -0.701562        0.00000            \n",
    "REMARK 350   BIOMT3  17 -0.712437 -0.701562 -0.015621        0.00000            \n",
    "REMARK 350   BIOMT1  18  0.400349  0.000000 -0.916363        0.00000            \n",
    "REMARK 350   BIOMT2  18  0.000000 -1.000000 -0.000000        0.00000            \n",
    "REMARK 350   BIOMT3  18 -0.916363 -0.000000 -0.400349        0.00000            \n",
    "REMARK 350   BIOMT1  19  0.431983 -0.846163 -0.312088        0.00000            \n",
    "REMARK 350   BIOMT2  19 -0.846163 -0.500000  0.184414        0.00000            \n",
    "REMARK 350   BIOMT3  19 -0.312088  0.184414 -0.931983        0.00000            \n",
    "REMARK 350   BIOMT1  20 -0.433194 -0.861370  0.265301        0.00000            \n",
    "REMARK 350   BIOMT2  20 -0.861370  0.309017 -0.403175        0.00000            \n",
    "REMARK 350   BIOMT3  20  0.265301 -0.403175 -0.875823        0.00000            \n",
    "REMARK 350   BIOMT1  21 -0.442738  0.015207  0.896522        0.00000            \n",
    "REMARK 350   BIOMT2  21  0.532356  0.809017  0.249176        0.00000            \n",
    "REMARK 350   BIOMT3  21 -0.721512  0.587588 -0.366279        0.00000            \n",
    "REMARK 350   BIOMT1  22 -0.433194  0.861370  0.265300        0.00000            \n",
    "REMARK 350   BIOMT2  22  0.861370  0.309017  0.403175        0.00000            \n",
    "REMARK 350   BIOMT3  22  0.265300  0.403175 -0.875823        0.00000            \n",
    "REMARK 350   BIOMT1  23  0.458181  0.836764 -0.299826        0.00000            \n",
    "REMARK 350   BIOMT2  23  0.547563  0.000000  0.836764        0.00000            \n",
    "REMARK 350   BIOMT3  23  0.700175 -0.547563 -0.458181        0.00000            \n",
    "REMARK 350   BIOMT1  24  0.999537 -0.024606 -0.017871        0.00000            \n",
    "REMARK 350   BIOMT2  24  0.024606  0.309017  0.950738        0.00000            \n",
    "REMARK 350   BIOMT3  24 -0.017871 -0.950738  0.309480        0.00000            \n",
    "REMARK 350   BIOMT1  25  0.442738 -0.532356  0.721512        0.00000            \n",
    "REMARK 350   BIOMT2  25  0.015207  0.809017  0.587589        0.00000            \n",
    "REMARK 350   BIOMT3  25 -0.896522 -0.249176  0.366279        0.00000            \n",
    "REMARK 350   BIOMT1  26  0.416540 -0.024606 -0.908784        0.00000            \n",
    "REMARK 350   BIOMT2  26  0.861370 -0.309017  0.403175        0.00000            \n",
    "REMARK 350   BIOMT3  26 -0.290750 -0.950738 -0.107523        0.00000            \n",
    "REMARK 350   BIOMT1  27  0.416540 -0.861370 -0.290750        0.00000            \n",
    "REMARK 350   BIOMT2  27  0.024606 -0.309017  0.950738        0.00000            \n",
    "REMARK 350   BIOMT3  27 -0.908784 -0.403175 -0.107523        0.00000            \n",
    "REMARK 350   BIOMT1  28 -0.458930 -0.846163  0.270909        0.00000            \n",
    "REMARK 350   BIOMT2  28 -0.507750  0.500000  0.701562        0.00000            \n",
    "REMARK 350   BIOMT3  28 -0.729091  0.184413 -0.659104        0.00000            \n",
    "REMARK 350   BIOMT1  29 -1.000000 -0.000000  0.000000        0.00000            \n",
    "REMARK 350   BIOMT2  29 -0.000000  1.000000 -0.000000        0.00000            \n",
    "REMARK 350   BIOMT3  29  0.000000 -0.000000 -1.000000        0.00000            \n",
    "REMARK 350   BIOMT1  30 -0.458930  0.507750 -0.729091        0.00000            \n",
    "REMARK 350   BIOMT2  30  0.846163  0.500000 -0.184414        0.00000            \n",
    "REMARK 350   BIOMT3  30  0.270909 -0.701562 -0.659104        0.00000            \n",
    "REMARK 350   BIOMT1  31 -0.431983  0.846163  0.312088        0.00000            \n",
    "REMARK 350   BIOMT2  31 -0.846163 -0.500000  0.184414        0.00000            \n",
    "REMARK 350   BIOMT3  31  0.312088 -0.184413  0.931983        0.00000            \n",
    "REMARK 350   BIOMT1  32  0.433194  0.861370 -0.265300        0.00000            \n",
    "REMARK 350   BIOMT2  32 -0.861370  0.309017 -0.403175        0.00000            \n",
    "REMARK 350   BIOMT3  32 -0.265300  0.403175  0.875823        0.00000            \n",
    "REMARK 350   BIOMT1  33  0.999537  0.024606 -0.017871        0.00000            \n",
    "REMARK 350   BIOMT2  33 -0.024606  0.309017 -0.950738        0.00000            \n",
    "REMARK 350   BIOMT3  33 -0.017871  0.950738  0.309480        0.00000            \n",
    "REMARK 350   BIOMT1  34  0.484379 -0.507750  0.712437        0.00000            \n",
    "REMARK 350   BIOMT2  34  0.507750 -0.500000 -0.701562        0.00000            \n",
    "REMARK 350   BIOMT3  34  0.712437  0.701562  0.015621        0.00000            \n",
    "REMARK 350   BIOMT1  35 -0.400349  0.000000  0.916363        0.00000            \n",
    "REMARK 350   BIOMT2  35  0.000000 -1.000000  0.000000        0.00000            \n",
    "REMARK 350   BIOMT3  35  0.916363  0.000000  0.400349        0.00000            \n",
    "REMARK 350   BIOMT1  36  0.458181 -0.836764 -0.299825        0.00000            \n",
    "REMARK 350   BIOMT2  36 -0.547563 -0.000000 -0.836764        0.00000            \n",
    "REMARK 350   BIOMT3  36  0.700175  0.547563 -0.458181        0.00000            \n",
    "REMARK 350   BIOMT1  37 -0.416540 -0.861370  0.290750        0.00000            \n",
    "REMARK 350   BIOMT2  37 -0.024606 -0.309017 -0.950738        0.00000            \n",
    "REMARK 350   BIOMT3  37  0.908784 -0.403175  0.107523        0.00000            \n",
    "REMARK 350   BIOMT1  38 -0.998789 -0.015207  0.046787        0.00000            \n",
    "REMARK 350   BIOMT2  38 -0.015207 -0.809017 -0.587588        0.00000            \n",
    "REMARK 350   BIOMT3  38  0.046787 -0.587588  0.807806        0.00000            \n",
    "REMARK 350   BIOMT1  39 -0.483917  0.532356 -0.694566        0.00000            \n",
    "REMARK 350   BIOMT2  39 -0.532356 -0.809017 -0.249176        0.00000            \n",
    "REMARK 350   BIOMT3  39 -0.694566  0.249176  0.674900        0.00000            \n",
    "REMARK 350   BIOMT1  40  0.416540  0.024606 -0.908784        0.00000            \n",
    "REMARK 350   BIOMT2  40 -0.861370 -0.309017 -0.403175        0.00000            \n",
    "REMARK 350   BIOMT3  40 -0.290750  0.950738 -0.107523        0.00000            \n",
    "REMARK 350   BIOMT1  41 -0.442738  0.532356 -0.721512        0.00000            \n",
    "REMARK 350   BIOMT2  41  0.015207  0.809017  0.587588        0.00000            \n",
    "REMARK 350   BIOMT3  41  0.896522  0.249176 -0.366279        0.00000            \n",
    "REMARK 350   BIOMT1  42  0.442738 -0.015207 -0.896522        0.00000            \n",
    "REMARK 350   BIOMT2  42  0.532356  0.809017  0.249176        0.00000            \n",
    "REMARK 350   BIOMT3  42  0.721512 -0.587588  0.366279        0.00000            \n",
    "REMARK 350   BIOMT1  43  0.433194 -0.861370 -0.265300        0.00000            \n",
    "REMARK 350   BIOMT2  43  0.861370  0.309017  0.403175        0.00000            \n",
    "REMARK 350   BIOMT3  43 -0.265300 -0.403175  0.875823        0.00000            \n",
    "REMARK 350   BIOMT1  44 -0.458181 -0.836764  0.299825        0.00000            \n",
    "REMARK 350   BIOMT2  44  0.547563  0.000000  0.836764        0.00000            \n",
    "REMARK 350   BIOMT3  44 -0.700175  0.547563  0.458181        0.00000            \n",
    "REMARK 350   BIOMT1  45 -0.999537  0.024606  0.017871        0.00000            \n",
    "REMARK 350   BIOMT2  45  0.024606  0.309017  0.950738        0.00000            \n",
    "REMARK 350   BIOMT3  45  0.017871  0.950738 -0.309480        0.00000            \n",
    "REMARK 350   BIOMT1  46 -0.431983 -0.846163  0.312088        0.00000            \n",
    "REMARK 350   BIOMT2  46  0.846163 -0.500000 -0.184413        0.00000            \n",
    "REMARK 350   BIOMT3  46  0.312088  0.184414  0.931983        0.00000            \n",
    "REMARK 350   BIOMT1  47 -0.998789  0.015207  0.046787        0.00000            \n",
    "REMARK 350   BIOMT2  47  0.015207 -0.809017  0.587589        0.00000            \n",
    "REMARK 350   BIOMT3  47  0.046787  0.587589  0.807806        0.00000            \n",
    "REMARK 350   BIOMT1  48 -0.458181  0.547563 -0.700175        0.00000            \n",
    "REMARK 350   BIOMT2  48 -0.836764  0.000000  0.547563        0.00000            \n",
    "REMARK 350   BIOMT3  48  0.299825  0.836764  0.458181        0.00000            \n",
    "REMARK 350   BIOMT1  49  0.442738  0.015207 -0.896522        0.00000            \n",
    "REMARK 350   BIOMT2  49 -0.532356  0.809017 -0.249176        0.00000            \n",
    "REMARK 350   BIOMT3  49  0.721512  0.587589  0.366279        0.00000            \n",
    "REMARK 350   BIOMT1  50  0.458930 -0.846163 -0.270909        0.00000            \n",
    "REMARK 350   BIOMT2  50  0.507750  0.500000 -0.701562        0.00000            \n",
    "REMARK 350   BIOMT3  50  0.729091  0.184414  0.659104        0.00000            \n",
    "REMARK 350   BIOMT1  51  0.458181 -0.547563  0.700175        0.00000            \n",
    "REMARK 350   BIOMT2  51 -0.836764 -0.000000  0.547563        0.00000            \n",
    "REMARK 350   BIOMT3  51 -0.299825 -0.836764 -0.458181        0.00000            \n",
    "REMARK 350   BIOMT1  52 -0.442738 -0.015207  0.896522        0.00000            \n",
    "REMARK 350   BIOMT2  52 -0.532356  0.809017 -0.249176        0.00000            \n",
    "REMARK 350   BIOMT3  52 -0.721512 -0.587589 -0.366279        0.00000            \n",
    "REMARK 350   BIOMT1  53 -0.458930  0.846163  0.270909        0.00000            \n",
    "REMARK 350   BIOMT2  53  0.507750  0.500000 -0.701562        0.00000            \n",
    "REMARK 350   BIOMT3  53 -0.729091 -0.184414 -0.659104        0.00000            \n",
    "REMARK 350   BIOMT1  54  0.431983  0.846163 -0.312088        0.00000            \n",
    "REMARK 350   BIOMT2  54  0.846163 -0.500000 -0.184414        0.00000            \n",
    "REMARK 350   BIOMT3  54 -0.312088 -0.184414 -0.931983        0.00000            \n",
    "REMARK 350   BIOMT1  55  0.998789 -0.015207 -0.046787        0.00000            \n",
    "REMARK 350   BIOMT2  55  0.015207 -0.809017  0.587588        0.00000            \n",
    "REMARK 350   BIOMT3  55 -0.046787 -0.587588 -0.807806        0.00000            \n",
    "REMARK 350   BIOMT1  56  0.416540  0.861370 -0.290750        0.00000            \n",
    "REMARK 350   BIOMT2  56 -0.024606 -0.309017 -0.950738        0.00000            \n",
    "REMARK 350   BIOMT3  56 -0.908784  0.403175 -0.107523        0.00000            \n",
    "REMARK 350   BIOMT1  57  0.998789  0.015207 -0.046787        0.00000            \n",
    "REMARK 350   BIOMT2  57 -0.015207 -0.809017 -0.587588        0.00000            \n",
    "REMARK 350   BIOMT3  57 -0.046787  0.587588 -0.807806        0.00000            \n",
    "REMARK 350   BIOMT1  58  0.483917 -0.532356  0.694566        0.00000            \n",
    "REMARK 350   BIOMT2  58 -0.532356 -0.809017 -0.249176        0.00000            \n",
    "REMARK 350   BIOMT3  58  0.694566 -0.249176 -0.674900        0.00000            \n",
    "REMARK 350   BIOMT1  59 -0.416540 -0.024606  0.908784        0.00000            \n",
    "REMARK 350   BIOMT2  59 -0.861370 -0.309017 -0.403175        0.00000            \n",
    "REMARK 350   BIOMT3  59  0.290750 -0.950738  0.107523        0.00000            \n",
    "REMARK 350   BIOMT1  60 -0.458181  0.836764  0.299825        0.00000            \n",
    "REMARK 350   BIOMT2  60 -0.547563 -0.000000 -0.836764        0.00000            \n",
    "REMARK 350   BIOMT3  60 -0.700174 -0.547563  0.458181        0.00000  \n",
    "'; # from the pdb\n",
    "\n",
    "my %sym_op = (); # a hash to store them!\n",
    "foreach my $line ( grep {m/BIOMT|SMTRY/} split( '\\n' , $symops ) ){\n",
    "    my @entries = split(' ', $line);\n",
    "    push @{$sym_op{$entries[3]}}, V(@entries[4,5,6,7]);\n",
    "}\n",
    "#use Data::Dumper;\n",
    "#print Dumper \\%sym_op;"
   ]
  },
  {
   "cell_type": "markdown",
   "metadata": {},
   "source": [
    "#### Next, we transform each set of coordinates and store them!\n",
    "For fun, let's create Hg atom at the center of mass for the asymmetric unit.  This will give us a very coarse representation of the molecule."
   ]
  },
  {
   "cell_type": "code",
   "execution_count": 3,
   "metadata": {
    "collapsed": false
   },
   "outputs": [],
   "source": [
    "my $hg = HackaMol::Atom->new(symbol => 'Hg', coords =>[$mol->COM] );\n",
    "my $hg_ball = HackaMol::Molecule->new(name => 'Hg Ball') ;\n",
    "\n",
    "foreach my $symop (keys %sym_op){\n",
    "    my @mat_d = @{$sym_op{$symop}};\n",
    "    my $cx = V(map{$_->[0]} @mat_d); \n",
    "    my $cy = V(map{$_->[1]} @mat_d);\n",
    "    my $cz = V(map{$_->[2]} @mat_d);\n",
    "    my $dxyz = V(map{$_->[3]} @mat_d);\n",
    "# hg\n",
    "    my $COM = $mol->COM; # center of mass\n",
    "    my $COM_transform = $COM->[0]*$cx + $COM->[1]*$cy + $COM->[2]*$cz + $dxyz;\n",
    "    $hg_ball->push_atoms( HackaMol::Atom->new(symbol => 'Hg', coords =>[$COM_transform]));\n",
    "# the protein\n",
    "    foreach my $atom ($mol->all_atoms){\n",
    "        my ($x,$y,$z) = @{$atom->xyz};\n",
    "        my $xyz_new = $x*$cx + $y*$cy + $z*$cz + $dxyz;  \n",
    "        $atom->push_coords($xyz_new);\n",
    "    }    \n",
    "}"
   ]
  },
  {
   "cell_type": "code",
   "execution_count": 5,
   "metadata": {
    "collapsed": false
   },
   "outputs": [
    {
     "data": {
      "text/plain": [
       "60\n",
       "\n",
       " Hg -53.317631 -49.268259 122.589530\n",
       " Hg -98.058217 -18.723585 101.648244\n",
       " Hg -19.602100  92.356711 -106.697385\n",
       " Hg -86.527356 -88.442171  70.635241\n",
       " Hg -58.239531 111.080296 -67.584577\n",
       " Hg  85.573478  37.696440 -107.491890\n",
       " Hg -19.958720 -73.383857 -120.477443\n",
       " Hg -39.893949  43.088453 -129.808314\n",
       " Hg  88.382394 111.739809   1.043724\n",
       " Hg 102.410569  73.383857  66.522425\n",
       " Hg  39.893949  43.088453 129.808314\n",
       " Hg -36.495408 137.710430   1.505810\n",
       " Hg -132.760837 -37.696506  35.382074\n",
       " Hg -59.737913 -31.362568 -125.483551\n",
       " Hg -54.271442 100.013924  85.733057\n",
       " Hg -85.573478  37.696506 107.491890\n",
       " Hg  86.527356 -88.442171 -70.635241\n",
       " Hg  98.058217 -18.723651 -101.648171\n",
       " Hg -15.413715 130.463460  55.136748\n",
       " Hg  15.990734 -137.710430 -32.840257\n",
       " Hg  19.602100  92.356711 106.697385\n",
       " Hg -132.404115  18.723585  49.162065\n",
       " Hg 134.828766  11.725885  44.520410\n",
       " Hg -91.072463  31.362568 -104.978884\n",
       " Hg  54.271442 100.013990 -85.733057\n",
       " Hg  99.368648  88.442171 -51.011640\n",
       " Hg -89.925831 -92.356711 -60.678780\n",
       " Hg -15.990734 -137.710430  32.840257\n",
       " Hg 102.980014 -43.088453  88.526002\n",
       " Hg -100.290113 -100.013924  15.409224\n",
       " Hg  19.958720 -73.383857 120.477443\n",
       " Hg  56.696094 -130.463460   7.949419\n",
       " Hg  91.072463  31.362568 104.978884\n",
       " Hg -134.259219 -42.021289 -22.516900\n",
       " Hg  33.116945  42.021289 -132.044831\n",
       " Hg 133.682201  49.268259   0.220307\n",
       " Hg -99.368648  88.442171  51.011640\n",
       " Hg  53.317631 -49.268259 -122.589530\n",
       " Hg -102.980014 -43.088453 -88.525935\n",
       " Hg -38.615930 -111.080296 -80.425869\n",
       " Hg  89.925897 -92.356711  60.678882\n",
       " Hg  58.239531 111.080363  67.584577\n",
       " Hg -133.682134  49.268259  -0.220409\n",
       " Hg  36.495408 137.710430  -1.505810\n",
       " Hg  59.737913 -31.362568 125.483551\n",
       " Hg -134.828766  11.725885 -44.520410\n",
       " Hg  34.427479 -111.739809 -81.408191\n",
       " Hg -13.181819 -11.725885 141.375769\n",
       " Hg 132.404115  18.723651 -49.162065\n",
       " Hg  38.615930 -111.080296  80.425942\n",
       " Hg -56.696094 -130.463460  -7.949419\n",
       " Hg 132.760837 -37.696440 -35.382074\n",
       " Hg -102.410569  73.383857 -66.522425\n",
       " Hg  15.413715 130.463460 -55.136748\n",
       " Hg 134.259219 -42.021289  22.516900\n",
       " Hg -88.382460 111.739809  -1.043724\n",
       " Hg -34.427479 -111.739809  81.408294\n",
       " Hg  13.181819 -11.725885 -141.375769\n",
       " Hg 100.290113 -100.013924 -15.409224\n",
       " Hg -33.116945  42.021289 132.044831\n"
      ]
     },
     "execution_count": 5,
     "metadata": {},
     "output_type": "execute_result"
    },
    {
     "name": "stderr",
     "output_type": "stream",
     "text": [
      "1\n"
     ]
    }
   ],
   "source": [
    "$hg_ball->print_xyz; 1;"
   ]
  },
  {
   "cell_type": "code",
   "execution_count": 4,
   "metadata": {
    "collapsed": false
   },
   "outputs": [
    {
     "data": {
      "text/plain": [
       "1QGT_1.pdb\n",
       "1QGT_2.pdb\n",
       "1QGT_3.pdb\n",
       "1QGT_4.pdb\n",
       "1QGT_5.pdb\n",
       "1QGT_6.pdb\n",
       "1QGT_7.pdb\n",
       "1QGT_8.pdb\n",
       "1QGT_9.pdb\n",
       "1QGT_10.pdb\n",
       "1QGT_11.pdb\n",
       "1QGT_12.pdb\n",
       "1QGT_13.pdb\n",
       "1QGT_14.pdb\n",
       "1QGT_15.pdb\n",
       "1QGT_16.pdb\n",
       "1QGT_17.pdb\n",
       "1QGT_18.pdb\n",
       "1QGT_19.pdb\n",
       "1QGT_20.pdb\n",
       "1QGT_21.pdb\n",
       "1QGT_22.pdb\n",
       "1QGT_23.pdb\n",
       "1QGT_24.pdb\n",
       "1QGT_25.pdb\n",
       "1QGT_26.pdb\n",
       "1QGT_27.pdb\n",
       "1QGT_28.pdb\n",
       "1QGT_29.pdb\n",
       "1QGT_30.pdb\n",
       "1QGT_31.pdb\n",
       "1QGT_32.pdb\n",
       "1QGT_33.pdb\n",
       "1QGT_34.pdb\n",
       "1QGT_35.pdb\n",
       "1QGT_36.pdb\n",
       "1QGT_37.pdb\n",
       "1QGT_38.pdb\n",
       "1QGT_39.pdb\n",
       "1QGT_40.pdb\n",
       "1QGT_41.pdb\n",
       "1QGT_42.pdb\n",
       "1QGT_43.pdb\n",
       "1QGT_44.pdb\n",
       "1QGT_45.pdb\n",
       "1QGT_46.pdb\n",
       "1QGT_47.pdb\n",
       "1QGT_48.pdb\n",
       "1QGT_49.pdb\n",
       "1QGT_50.pdb\n",
       "1QGT_51.pdb\n",
       "1QGT_52.pdb\n",
       "1QGT_53.pdb\n",
       "1QGT_54.pdb\n",
       "1QGT_55.pdb\n",
       "1QGT_56.pdb\n",
       "1QGT_57.pdb\n",
       "1QGT_58.pdb\n",
       "1QGT_59.pdb\n",
       "1QGT_60.pdb\n"
      ]
     },
     "execution_count": 4,
     "metadata": {},
     "output_type": "execute_result"
    },
    {
     "name": "stderr",
     "output_type": "stream",
     "text": [
      "1\n"
     ]
    }
   ],
   "source": [
    "foreach my $t (1 .. $mol->tmax) {\n",
    "    $mol->t($t);\n",
    "    say \"$pdbid\\_$t.pdb\";\n",
    "    $mol->print_pdb(\"$pdbid\\_$t.pdb\"); \n",
    "}\n",
    "1;"
   ]
  },
  {
   "cell_type": "markdown",
   "metadata": {},
   "source": [
    "#### You may now load those two with \n",
    "$vmdpath/vmd -m 1QGT_*.pdb"
   ]
  },
  {
   "cell_type": "code",
   "execution_count": null,
   "metadata": {
    "collapsed": true
   },
   "outputs": [],
   "source": []
  }
 ],
 "metadata": {
  "kernelspec": {
   "display_name": "IPerl 0.006",
   "language": "perl",
   "name": "iperl"
  },
  "language_info": {
   "file_extension": ".pl",
   "mimetype": "text/x-perl",
   "name": "perl",
   "version": "5.20.2"
  }
 },
 "nbformat": 4,
 "nbformat_minor": 0
}
